9.221194982528686523e-01 -5.148977413773536682e-02 -3.834637105464935303e-01 -3.457454498857259750e-03
-1.210413575172424316e-01 9.029644727706909180e-01 -4.123154878616333008e-01 1.030226354487240314e-03
3.674841523170471191e-01 4.266191422939300537e-01 8.264088034629821777e-01 -3.935733810067176819e-03
0.000000000000000000e+00 0.000000000000000000e+00 0.000000000000000000e+00 1.000000000000000000e+00
