9.300304651260375977e-01 -1.658129505813121796e-02 -3.671081662178039551e-01 -2.398641314357519150e-03
-1.318628042936325073e-01 9.173952937126159668e-01 -3.754970133304595947e-01 -1.957666099769994617e-04
3.430095613002777100e-01 3.976315557956695557e-01 8.510191440582275391e-01 5.568432388827204704e-04
0.000000000000000000e+00 0.000000000000000000e+00 0.000000000000000000e+00 1.000000000000000000e+00
